3824676
3840923
3830996
3831606
3813137
3807472
3812749
3838742
3809557
3841288
3833755
3805147
3817533
3827214
3805711
3814544
3826654
3818539
3840443
3822114
3805391
3837444
3812035
3815348
3839755
3838497
3821866
3815879
3835072
3826087
3819383
3838731
3808564
3807160
3841430
3838255
3835006
3828535
3826427
3820960
3841348
3835007
3817023
3822632
3813794
3805906
3835022
3822116
3833169
3814866
3811475
3832846
3818540
3832890
3821134
3821078
3814944
3813177
3811487
3823080
3815870
3810125
3805814
3836210
3817046
3810121
3805503
3806421
3837941
3804999
3804764
3828956
3827977
3826339
3823608
3812677
3811670
3842518
3838498
3831263
3822423
3819356
3819131
3816516
3815838
3829537
3828020
3817532
3812324
3838521
3830652
3827891
3819977
3818507
3815141
3843541
3837450
3816850
3834056
3830219
3823183
3818028
3817597
3816229
3805358
3831020
3825318
3814106
3824875
3815403
3828494
3821203
3815482
3815381
3808417
3830993
3829769
3826568
3821931
3820102
3819456
3815292
3812066
3804697
3843017
3840653
3837399
3835441
3832188
3817213
3816846
3816725
3814094
3813703
3813007
3811786
3809455
3809084
3808096
3829650
3829454
3818760
3842459
3839926
3838275
3821222
3810008
3808109
3806161
3806093
3805316
3805109
3823426
3822846
3822662
3820807
3817086
3815847
3811997
3832205
3811911
3837178
3825265
3818883
3815385
3838734
3817605
3807477
3819972
3821401
3835076
3834888
3824270
3806444
3808560
3835961
3833350
3831268
3811931
3811482
3809919
3809913
3809089
3804523
3828023
3824824
3823281
3823208
3815323
3841895
3832528
3825987
3824519
3820009
3818236
3817087
3808996
3842206
3841426
3835206
3834285
3822278
3818029
3816231
3806162
3805460
3838730
3831584
3830691
3830619
3823708
3823512
3812376
3810559
3808323
3832618
3824871
3817557
3814720
3810272
3834825
3832066
3831412
3822844
3820581
3820091
3816101
3813372
3812098
3811030
3810703
3809379
3809002
3807706
3841135
3840632
3838482
3827213
3825884
3822792
3815655
3812523
3809613
3842817
3836878
3836450
3835138
3833808
3826762
3826685
3825881
3824785
3823985
3823253
3823241
3820109
3818426
3817426
3814612
3814194
3807559
3807062
3806910
3805119
3804994
3842822
3839811
3823110
3822398
3818827
3818560
3816223
3811004
3810359
3806683
3843371
3842139
3837619
3826431
3823279
3816443
3813385
3813008
3813006
3812640
3812112
3811481
3842986
3840257
3838894
3838052
3835239
3835019
3835018
3830737
3826619
3820902
3820561
3819204
3814090
3811652
3810725
3809293
3806577
3839531
3838021
3835425
3819982
3819764
3818860
3818101
3816433
3814467
3809537
3808981
3842679
3837187
3834015
3831130
3829437
3827204
3818653
3817963
3817438
3816522
3814188
3807365
3841137
3840157
3838538
3835867
3834093
3831741
3829132
3825257
3821796
3820509
3819696
3817569
3816326
3815833
3813773
3808745
3805126
3843016
3837494
3836390
3833893
3827896
3822538
3822186
3820151
3819926
3813775
3810687
3810129
3809066
3808615
3843036
3842751
3841668
3841469
3839529
3837703
3836515
3834596
3833796
3832930
3827181
3826054
3825901
3822664
3821248
3820152
3819917
3819159
3816700
3815672
3813973
3809168
3808375
3808038
3805819
3843060
3841123
3840702
3840641
3840333
3838858
3836678
3835915
3834875
3829565
3828660
3828089
3825700
3821993
3818748
3817429
3816171
3816116
3809532
3809349
3808088
3807565
3806475
3806017
3805576
3842216
3840656
3838917
3835016
3826922
3825019
3824056
3823217
3821570
3820038
3813895
3811474
3809982
3809096
3806884
3806693
3839458
3836615
3836279
3835473
3834052
3833136
3830913
3828883
3823811
3822326
3814910
3811516
3808540
3806469
3804583
3842537
3841525
3841126
3839711
3838276
3836805
3834555
3834339
3829949
3829585
3828703
3827249
3824820
3824474
3823616
3823542
3822842
3821904
3821268
3820995
3819814
3817107
3817094
3816413
3811502
3811059
3808380
3806738
3805175
3804924
3842821
3842188
3841567
3841125
3840372
3839194
3836249
3833805
3833739
3821621
3820535
3819970
3818096
3817577
3815376
3810896
3808159
3843121
3842678
3841399
3841145
3840682
3840468
3835721
3834287
3833655
3831534
3831265
3830695
3829444
3829443
3827586
3827206
3825906
3824794
3822026
3820648
3818852
3817318
3813563
3812515
3811484
3810723
3809401
3809109
3807333
3843118
3840159
3840148
3837674
3834782
3830512
3830292
3829300
